1 * 1024 			 0.515
2 * 1024 			 0.936
3 * 1024 			 1.345
4 * 1024 			 1.71
5 * 1024 			 2.109
6 * 1024 			 2.498
7 * 1024 			 2.888
8 * 1024 			 3.255
9 * 1024 			 3.642
10 * 1024 			 3.974
11 * 1024 			 4.363
12 * 1024 			 4.767
13 * 1024 			 5.184
14 * 1024 			 10.988
15 * 1024 			 11.799
16 * 1024 			 12.465
17 * 1024 			 13.302
18 * 1024 			 14.199
19 * 1024 			 14.735
20 * 1024 			 15.85
21 * 1024 			 16.478
22 * 1024 			 17.099
23 * 1024 			 17.981
24 * 1024 			 19.141
25 * 1024 			 19.851
26 * 1024 			 20.358
27 * 1024 			 31.046
28 * 1024 			 32.547
29 * 1024 			 33.594
30 * 1024 			 34.521
