1 * 1024 			 0.432
2 * 1024 			 0.851
3 * 1024 			 1.257
4 * 1024 			 1.621
5 * 1024 			 2.025
6 * 1024 			 2.405
7 * 1024 			 2.797
8 * 1024 			 3.167
9 * 1024 			 3.552
10 * 1024 			 3.877
11 * 1024 			 4.273
12 * 1024 			 4.675
13 * 1024 			 5.075
14 * 1024 			 10.823
15 * 1024 			 11.682
16 * 1024 			 12.307
17 * 1024 			 13.228
18 * 1024 			 14.039
19 * 1024 			 14.626
20 * 1024 			 15.739
21 * 1024 			 16.332
22 * 1024 			 16.978
23 * 1024 			 17.85
24 * 1024 			 19.087
25 * 1024 			 19.645
26 * 1024 			 20.262
27 * 1024 			 30.936
28 * 1024 			 32.544
29 * 1024 			 33.619
30 * 1024 			 34.415
