1 * 1024 			 0.755
2 * 1024 			 1.486
3 * 1024 			 2.195
4 * 1024 			 2.851
5 * 1024 			 3.576
6 * 1024 			 4.261
7 * 1024 			 4.961
8 * 1024 			 5.652
9 * 1024 			 6.452
10 * 1024 			 7.017
11 * 1024 			 7.707
12 * 1024 			 8.48
13 * 1024 			 9.199
14 * 1024 			 10.204
15 * 1024 			 11.288
16 * 1024 			 12.049
17 * 1024 			 18.698
18 * 1024 			 19.88
19 * 1024 			 21.781
20 * 1024 			 29.158
21 * 1024 			 31.921
22 * 1024 			 33.399
23 * 1024 			 34.977
24 * 1024 			 36.496
25 * 1024 			 38.254
26 * 1024 			 39.582
27 * 1024 			 41.175
28 * 1024 			 42.624
29 * 1024 			 44.37
30 * 1024 			 45.747
