1 * 1024 			 0.107
2 * 1024 			 0.281
3 * 1024 			 0.532
4 * 1024 			 0.865
5 * 1024 			 1.275
6 * 1024 			 1.767
7 * 1024 			 2.333
8 * 1024 			 2.98
9 * 1024 			 3.712
10 * 1024 			 4.514
11 * 1024 			 5.399
12 * 1024 			 6.369
13 * 1024 			 7.417
14 * 1024 			 8.534
15 * 1024 			 9.734
16 * 1024 			 11.016
17 * 1024 			 12.381
18 * 1024 			 13.817
19 * 1024 			 15.364
20 * 1024 			 16.959
21 * 1024 			 18.64
22 * 1024 			 20.389
23 * 1024 			 22.232
24 * 1024 			 24.141
25 * 1024 			 26.145
26 * 1024 			 28.242
27 * 1024 			 30.392
28 * 1024 			 32.614
29 * 1024 			 34.919
30 * 1024 			 37.324
